1000
39.16
41.44
87.73
96.96
25.86
81.12
65.79
81.11
78.5
44.28
28.7
4.72
14.92
77.84
95.0
62.96
85.73
70.12
52.15
49.46
85.46
34.88
76.31
51.5
19.35
28.95
22.06
57.26
20.19
70.09
54.93
77.95
21.68
45.0
81.81
92.23
43.02
43.67
22.35
12.04
21.43
21.31
30.07
72.68
23.28
66.63
4.87
77.42
62.84
88.06
76.52
68.45
69.82
25.8
83.01
61.92
14.63
92.57
47.7
31.51
39.2
38.46
17.28
62.61
84.96
68.38
19.15
72.28
17.05
13.13
78.94
15.13
35.31
59.56
55.75
19.43
91.24
63.85
37.81
85.72
25.88
17.88
67.39
52.14
25.36
38.51
96.85
90.77
80.5
7.79
24.53
65.46
34.87
7.1
5.64
36.87
25.76
78.87
73.88
48.78
74.79
77.61
31.58
35.6
77.07
36.55
84.08
62.91
12.27
5.07
56.49
94.53
68.28
87.22
49.26
48.17
8.77
59.79
42.1
4.16
71.77
70.31
32.87
19.67
54.49
5.07
16.01
91.73
85.87
47.52
71.95
27.49
22.27
71.69
30.84
83.29
98.65
77.67
14.39
78.83
91.15
61.7
43.62
47.84
73.19
63.93
10.51
40.81
3.58
70.69
75.24
27.12
58.53
61.65
1.81
96.97
17.29
40.79
18.96
81.15
4.24
33.32
8.07
7.74
91.64
1.52
15.6
28.52
22.06
20.52
43.83
4.37
11.86
46.67
76.79
76.71
86.53
18.42
68.49
28.55
38.38
78.95
73.5
82.97
93.83
69.95
9.79
70.69
63.09
60.86
89.72
46.39
67.72
32.97
60.78
20.61
80.97
37.77
33.15
30.9
33.85
14.93
1.88
93.58
62.93
58.84
3.52
62.41
62.89
68.56
50.5
6.23
83.19
13.01
25.74
21.92
87.25
52.35
99.59
30.52
73.25
23.68
74.05
6.71
91.43
76.7
55.21
39.77
47.64
97.64
59.91
92.4
52.36
64.8
69.59
76.19
33.53
87.86
33.28
37.93
10.84
96.62
12.58
86.24
0.69
64.01
43.04
25.28
45.38
78.96
67.06
42.66
86.51
38.62
86.18
23.86
49.49
4.9
89.85
42.61
41.33
64.47
84.37
34.06
44.27
79.84
26.91
81.13
4.31
18.58
89.64
49.67
82.81
63.56
82.12
83.4
88.9
90.14
5.51
88.02
58.25
91.98
73.72
43.1
7.2
78.89
20.47
93.28
51.29
32.31
16.03
12.99
23.85
88.24
72.98
85.57
78.77
63.53
64.6
2.43
68.57
10.46
35.13
46.97
13.41
74.92
16.11
5.37
19.33
80.83
35.17
84.98
97.51
60.29
43.44
15.52
83.56
96.14
92.16
51.88
70.29
60.14
95.31
60.02
5.93
44.95
98.66
48.05
76.64
18.44
27.35
54.52
4.19
18.36
87.44
36.89
96.97
40.26
43.48
0.69
58.89
22.04
19.41
67.64
91.11
90.37
61.34
92.4
50.22
24.33
15.17
14.73
55.98
80.97
61.96
48.72
79.62
49.58
27.7
42.6
73.51
89.45
41.54
19.48
35.67
40.71
91.06
14.21
79.98
27.38
43.87
67.99
58.31
12.95
91.24
49.13
47.56
3.16
41.96
9.36
61.04
68.66
45.02
18.86
1.93
67.61
67.3
95.33
6.89
40.91
30.05
10.6
43.4
41.48
11.21
64.51
3.06
99.87
67.56
21.58
99.95
11.87
91.92
65.95
16.32
90.26
89.5
22.45
93.02
31.28
76.1
59.42
29.18
64.7
8.35
79.19
76.23
79.3
66.87
55.72
84.22
30.38
64.95
68.87
17.93
49.54
31.21
43.86
8.29
42.17
46.87
99.59
81.33
91.64
92.74
59.36
85.72
53.29
58.39
57.46
12.65
41.45
41.5
8.41
99.48
8.41
54.54
66.25
72.13
71.89
82.33
11.69
58.18
85.93
12.45
95.04
41.78
91.22
56.85
40.34
24.83
95.3
63.87
73.57
85.8
35.06
86.77
80.99
43.23
87.47
45.62
43.01
69.43
18.35
20.87
13.6
76.51
87.74
1.05
95.14
84.54
83.52
29.18
54.82
82.02
78.17
61.29
25.65
71.18
89.4
60.47
16.97
73.66
57.8
97.8
22.23
41.93
98.23
3.12
23.8
86.68
71.17
34.1
74.65
2.54
10.44
29.58
52.29
80.4
88.0
39.43
89.45
47.83
58.59
91.12
83.85
74.29
83.92
80.89
94.39
18.8
29.77
81.42
67.2
78.94
31.97
60.75
25.74
32.17
14.24
43.74
88.2
55.48
53.02
13.75
9.6
66.37
57.76
36.06
50.72
37.76
75.14
71.73
66.64
32.64
47.46
25.63
72.57
49.4
32.21
50.31
63.56
26.87
34.31
82.31
6.44
86.62
26.21
54.24
44.45
18.27
17.23
51.15
72.42
73.53
95.88
6.18
31.47
63.96
27.57
85.66
21.63
25.26
59.49
69.33
93.05
11.65
20.81
67.03
73.07
67.59
64.19
46.59
49.88
88.16
60.02
15.24
84.24
61.46
2.3
68.41
61.93
33.88
22.15
53.6
99.53
94.85
60.96
40.6
62.97
67.78
21.69
69.5
51.56
63.0
44.36
44.93
55.15
37.05
71.77
13.46
96.03
95.93
50.12
58.77
81.99
14.11
53.82
88.59
99.13
75.53
40.18
84.94
81.25
4.93
11.1
29.28
94.66
49.82
89.68
70.57
10.79
51.96
21.66
34.28
74.26
72.76
4.54
96.34
50.5
37.12
16.46
28.06
48.03
8.19
97.21
5.19
50.21
29.66
74.09
4.64
21.69
0.92
32.35
71.91
81.27
11.25
19.33
44.37
83.51
79.65
49.4
67.21
29.99
99.15
77.61
95.9
29.5
65.62
32.73
54.62
29.63
8.87
52.64
71.58
39.42
90.14
42.04
30.57
17.46
6.07
58.38
33.87
36.89
54.53
38.22
93.97
51.77
70.91
85.35
49.13
0.7
84.48
51.06
53.33
26.07
10.27
52.36
51.45
32.91
18.51
10.08
63.54
36.01
92.14
8.21
92.76
96.28
46.7
50.29
14.24
76.12
6.66
94.44
86.93
71.98
8.2
30.69
82.88
15.15
19.19
23.01
35.98
14.49
75.15
40.47
60.66
10.96
33.43
41.05
57.81
41.74
97.29
15.81
82.28
13.26
34.84
9.56
12.09
74.87
86.79
51.52
64.7
20.59
75.7
60.74
3.02
77.65
18.55
6.13
50.39
10.29
85.91
97.41
7.39
1.32
19.14
64.81
42.71
12.23
82.03
17.17
1.38
18.86
15.93
44.05
85.4
7.45
13.44
29.79
47.96
97.93
3.11
93.7
47.29
34.56
3.93
69.53
77.36
72.68
77.45
11.9
45.88
60.65
86.48
39.95
37.43
26.03
59.41
84.75
36.74
97.02
44.7
62.12
49.81
22.52
8.42
20.64
19.37
95.38
29.48
31.64
54.52
92.89
31.36
63.76
66.85
70.52
88.94
0.74
28.28
3.91
44.68
53.42
75.49
72.92
46.26
27.55
14.38
95.09
9.82
29.96
65.77
88.47
14.28
27.17
33.22
7.72
75.74
75.41
40.66
76.12
47.14
38.77
38.65
40.44
20.61
61.05
61.17
29.95
98.95
51.37
76.42
58.04
14.51
26.22
8.54
18.95
0.76
64.44
66.8
47.96
65.33
1.76
64.02
35.65
2.66
82.85
6.63
38.45
35.58
71.84
44.38
1.1
4.85
10.54
78.95
61.82
94.6
35.6
86.36
1.82
92.77
77.11
85.37
27.72
71.36
48.77
29.27
36.07
59.62
84.87
21.71
41.3
39.81
59.08
62.66
92.33
27.07
38.81
12.83
3.85
81.36
97.72
39.82
2.09
62.02
90.29
10.98
12.57
92.15
66.82
49.71
68.67
22.57
25.3
90.84
65.65
96.53
17.67
18.11
46.97
21.28
36.17
91.81
95.8
26.18
31.04
56.42
86.52
72.51
32.38
51.2
16.0
12.14
60.52
77.1
94.75
24.55
86.93
77.73
81.33
19.39
63.59
8.83
82.42
23.21
98.38
98.52
89.18
77.63
7.88
54.5
15.35
59.87
82.32
44.44
80.43
25.45
26.8
62.94
12.14
87.52
8.18
87.54
60.76
54.45
97.14
37.67
22.32
73.3
19.13
47.29
33.12
60.62
18.66
32.48
18.16
26.89
19.15
81.3
98.08
14.6
45.32
53.01
37.8
17.62
7.57
58.77
62.9
95.93
24.31
81.11
20.51
46.66
36.77
9.43
63.52
51.93
35.57
52.53
43.72
61.65
42.31
53.95
65.06
21.4
14.53
45.95
79.54
